       2000.00      11892.11       6585.57          2.54
       2016.00      11543.86       6192.98          2.54
       2032.00      10424.33       5533.50          2.54
       2048.00      14567.90       8043.72          2.54
       2064.00      11790.74       6656.09          2.54
       2080.00      12741.71       7078.98          2.54
       2096.00      12889.76       6964.98          2.54
       2112.00       8388.70       6471.98          2.54
       2128.00       8212.65       6239.08          2.54
       2144.00      12273.83       6529.19          2.54
       2160.00       8747.25       8914.42          2.54
       2176.00       9315.29       6636.55          2.54
       2192.00      13550.62       7524.45          2.54
       2208.00       8859.43       4466.43          2.54
       2224.00      13603.33       7843.47          2.54
       2240.00      13809.21       7948.25          2.54
       2256.00      12865.90       7300.42          2.54
       2272.00       7938.38       2814.94          2.54
       2288.00      12458.16       7247.42          2.54
       2304.00      12179.95       7102.29          2.54
       2320.00      12656.92       7452.27          2.54
       2336.00      12935.01       7390.26          2.54
       2352.00      13091.11       7577.44          2.54
       2368.00      13086.34       7526.32          2.54
       2384.00      13512.86       7632.65          2.54
       2400.00      13916.78       8029.50          2.54
       2416.00      13877.79       8040.31          2.54
       2432.00      13199.52       7548.20          2.54
       2448.00      13358.87       7391.29          2.54
       2464.00      12651.61       6489.80          2.54
       2480.00      12215.99       8099.70          2.54
       2496.00      13126.47       7814.30          2.54
       2512.00      14083.65       8231.46          2.54
       2528.00      13880.58       8137.55          2.54
       2544.00      13894.43       7386.75          2.54
       2560.00      13702.60       8185.01          2.54
       2576.00      13320.00       7768.50          2.54
       2592.00      13133.69       7743.82          2.54
       2608.00      13825.78       7860.09          2.54
       2624.00      14056.46       8123.98          2.54
       2640.00      13695.88       7966.47          2.54
       2656.00      13738.04       8290.41          2.54
       2672.00      13892.39       8296.28          2.54
       2688.00      12731.71       7397.29          2.54
       2704.00       8457.17       6085.86          2.54
       2720.00      12935.49       7752.92          2.54
       2736.00      12679.57       7696.84          2.54
       2752.00      15020.64       8370.37          2.54
       2768.00      12762.15       7639.19          2.54
       2784.00      13726.32       7784.13          2.54
       2800.00      13074.22       7439.87          2.54
       2816.00      13598.14       8012.45          2.54
       2832.00      13928.33       8093.76          2.54
       2848.00      13702.25       8021.00          2.54
       2864.00      14223.75       8430.76          2.54
       2880.00      14094.68       8380.15          2.54
       2896.00      14435.17       8471.79          2.54
       2912.00      13879.84       8292.49          2.54
       2928.00      14217.64       8498.74          2.54
       2944.00      14384.18       8360.54          2.54
       2960.00      14619.13       8473.50          2.54
       2976.00      14268.83       8401.66          2.54
       2992.00      13469.21       7742.79          2.54
       3008.00      13840.70       7987.41          2.54
       3024.00      14245.69       8103.74          2.54
       3040.00      14437.21       8395.48          2.54
       3056.00      14546.38       8401.08          2.54
       3072.00      14165.81       8103.44          2.54
       3088.00      13605.85       7874.21          2.54
       3104.00      13838.30       7913.91          2.54
       3120.00      13194.81       7538.88          2.54
       3136.00      13347.14       7651.60          2.54
       3152.00      13478.58       7802.71          2.54
       3168.00      14075.50       7533.05          2.54
       3184.00      13472.45       7311.74          2.54
       3200.00      13859.11       7949.39          2.54
       3216.00      13972.68       8085.06          2.54
       3232.00      13203.80       7574.75          2.54
       3248.00      13716.21       7663.28          2.54
       3264.00      12988.12       7379.14          2.54
       3280.00      12804.85       7242.34          2.54
       3296.00      12881.33       7319.96          2.54
       3312.00      12753.70       7165.97          2.54
       3328.00      12913.82       7230.70          2.54
       3344.00      13383.58       7729.75          2.54
       3360.00      13159.09       7523.41          2.54
       3376.00      12812.93       7317.58          2.54
       3392.00      13371.12       7606.10          2.54
       3408.00      12906.75       6553.17          2.54
       3424.00      12320.13       6021.53          2.54
       3440.00      12531.56       5786.34          2.54
       3456.00      13264.49       6381.40          2.54
       3472.00      13933.88       8003.25          2.54
       3488.00      13860.96       8074.44          2.54
       3504.00      13491.82       7683.85          2.54
       3520.00      13274.85       7561.53          2.54
       3536.00      12487.27       6893.48          2.54
       3552.00      12574.25       6086.55          2.54
       3568.00      12656.61       6034.35          2.54
       3584.00      12142.19       5827.42          2.54
       3600.00      11946.13       5853.26          2.54
       3616.00      12184.55       5720.14          2.54
       3632.00      12590.26       6121.21          2.54
       3648.00      13742.38       6894.35          2.54
       3664.00      13034.92       6608.07          2.54
       3680.00      12589.71       6422.55          2.54
       3696.00      12373.18       6233.04          2.54
       3712.00      12259.94       6295.01          2.54
       3728.00      11682.85       6125.26          2.54
       3744.00      11443.09       6285.39          2.54
       3760.00      12151.51       6424.48          2.54
       3776.00      11924.01       6359.99          2.54
       3792.00      12151.33       6694.96          2.54
       3808.00      11850.32       6287.15          2.54
       3824.00      11071.87       5924.49          2.54
       3840.00      13284.15       7043.57          2.54
       3856.00      12582.99       6362.07          2.54
       3872.00      13465.52       7282.02          2.54
       3888.00      12969.26       7412.05          2.54
       3904.00      12199.10       6903.56          2.54
       3920.00      12291.40       6743.04          2.54
       3936.00      11743.10       6349.04          2.54
       3952.00      11609.47       6422.18          2.54
       3968.00      12415.41       6895.08          2.54
       3984.00      12500.97       7008.84          2.54
       4000.00      11882.55       6690.50          2.54
       4016.00      11809.74       6590.02          2.54
       4032.00      11909.49       6587.68          2.54
       4048.00      11549.48       6590.60          2.54
       4064.00      11707.44       6569.93          2.54
       4080.00      11326.89       6259.01          2.54
       4096.00      11542.10       6460.78          2.54
       4112.00      11707.88       6523.90          2.54
       4128.00      13192.22       7862.56          2.54
       4144.00      12956.88       7576.18          2.54
       4160.00      12196.34       6880.31          2.54
       4176.00      13362.73       8124.72          2.54
       4192.00      13329.58       7942.39          2.54
       4208.00      12906.14       7468.04          2.54
       4224.00      12309.94       6962.09          2.54
       4240.00      12060.72       6882.09          2.54
       4256.00      12485.88       7164.63          2.54
       4272.00      13175.27       7704.19          2.54
       4288.00      12845.31       7564.69          2.54
       4304.00      12978.87       7449.88          2.54
       4320.00      12327.33       7080.79          2.54
       4336.00      12832.80       7427.34          2.54
       4352.00      14119.04       8060.52          2.54
       4368.00      13161.64       7800.43          2.54
       4384.00      13129.66       7726.52          2.54
       4400.00      13208.39       7754.50          2.54
       4416.00      12811.16       7483.14          2.54
       4432.00      12720.19       7359.77          2.54
       4448.00      13104.99       7741.76          2.54
       4464.00      13166.16       7726.45          2.54
       4480.00      13247.16       7478.58          2.54
       4496.00      13686.86       7654.61          2.54
       4512.00      14062.50       7855.30          2.54
       4528.00      13551.36       7781.23          2.54
       4544.00      13822.16       7521.68          2.54
       4560.00      13786.88       7495.52          2.54
       4576.00      14044.09       7666.34          2.54
       4592.00      14143.09       8069.46          2.54
       4608.00      14063.00       7936.60          2.54
       4624.00      14046.37       7781.08          2.54
       4640.00      13940.72       7921.79          2.54
       4656.00      13923.42       7823.04          2.54
       4672.00      13725.04       7769.98          2.54
       4688.00      13722.59       7581.15          2.54
       4704.00      13607.53       7513.15          2.54
       4720.00      14085.82       7860.74          2.54
       4736.00      13647.46       7811.90          2.54
       4752.00      13566.36       7781.70          2.54
       4768.00      12788.93       7374.92          2.54
       4784.00      12859.95       7392.44          2.54
       4800.00      12798.59       7330.82          2.54
       4816.00      13210.98       7650.61          2.54
       4832.00      12801.14       7258.49          2.54
       4848.00      13484.07       7793.96          2.54
       4864.00      13277.30       7689.95          2.54
       4880.00      13368.46       7811.56          2.54
       4896.00      13635.76       8041.46          2.54
       4912.00      13386.62       7780.81          2.54
       4928.00      13764.23       7866.32          2.54
       4944.00      13901.38       8224.47          2.54
       4960.00      13491.50       7839.63          2.54
       4976.00      13590.64       7977.18          2.54
       4992.00      12869.78       7442.09          2.54
       5008.00      13378.31       7685.43          2.54
       5024.00      14141.27       8281.56          2.54
       5040.00      13814.31       8094.90          2.54
       5056.00      13595.78       7872.65          2.54
       5072.00      13746.53       8018.30          2.54
       5088.00      14305.91       8412.28          2.54
       5104.00      13782.54       8111.56          2.54
       5120.00      13654.54       7981.08          2.54
       5136.00      13512.28       7911.71          2.54
       5152.00      13560.74       7916.38          2.54
       5168.00      13560.18       7978.52          2.54
       5184.00      13264.86       7681.77          2.54
       5200.00      13114.61       7632.74          2.54
       5216.00      13258.84       7627.31          2.54
       5232.00      13217.55       7734.55          2.54
       5248.00      13293.64       7748.09          2.54
       5264.00      13348.56       7799.06          2.54
       5280.00      13270.02       7774.24          2.54
       5296.00      13169.19       7642.50          2.54
       5312.00      13160.21       7221.37          2.54
       5328.00      12901.43       7562.22          2.54
       5344.00      12932.81       7557.30          2.54
       5360.00      12524.42       7407.79          2.54
       5376.00      12789.03       7373.38          2.54
       5392.00      12538.24       7579.09          2.54
       5408.00      12815.26       7477.31          2.54
       5424.00      13044.10       7380.35          2.54
       5440.00      12261.66       7231.97          2.54
       5456.00      12348.58       7582.19          2.54
       5472.00      12793.12       7436.60          2.54
       5488.00      12500.78       7479.32          2.54
       5504.00      12158.05       7196.68          2.54
       5520.00      12477.38       7264.75          2.54
       5536.00      12845.71       7319.25          2.54
       5552.00      12940.13       7411.69          2.54
       5568.00      12713.43       7266.54          2.54
       5584.00      13323.03       7661.25          2.54
       5600.00      13160.67       7763.43          2.54
       5616.00      13243.45       7549.45          2.54
       5632.00      12843.24       7494.62          2.54
       5648.00      13018.97       7421.81          2.54
       5664.00      13466.38       7670.65          2.54
       5680.00      13297.34       7706.18          2.54
       5696.00      13028.30       7450.51          2.54
       5712.00      13252.23       7631.26          2.54
       5728.00      13271.93       7673.54          2.54
       5744.00      13730.42       7816.29          2.54
       5760.00      13657.28       7692.19          2.54
       5776.00      13350.24       7626.78          2.54
       5792.00      13692.44       7859.10          2.54
       5808.00      13290.98       7694.26          2.54
       5824.00      12989.21       7564.30          2.54
       5840.00      13869.63       7898.83          2.54
       5856.00      13359.87       7660.66          2.54
       5872.00      13609.70       7745.09          2.54
       5888.00      13064.72       7533.64          2.54
       5904.00      13521.37       7700.84          2.54
       5920.00      14029.57       8121.70          2.54
       5936.00      13755.54       8010.89          2.54
       5952.00      15329.66       9064.38          2.54
       5968.00      14242.99       8184.91          2.54
       5984.00      14100.99       7827.48          2.54
       6000.00      13778.09       7681.14          2.54
       6016.00      14021.51       7891.73          2.54
       6032.00      14456.72       8076.89          2.54
       6048.00      15026.75       8560.10          2.54
       6064.00      14110.74       7776.84          2.54
       6080.00      13649.83       7593.01          2.54
       6096.00      13540.78       7609.71          2.54
       6112.00      14104.77       7887.06          2.54
       6128.00      13727.21       7686.34          2.54
       6144.00      13335.11       7610.47          2.54
       6160.00      13334.58       7627.71          2.54
       6176.00      13523.56       7636.04          2.54
       6192.00      13631.04       7937.26          2.54
       6208.00      14180.37       7971.49          2.54
       6224.00      13852.33       7993.61          2.54
       6240.00      13467.47       7782.65          2.54
       6256.00      13426.06       7753.44          2.54
       6272.00      13027.45       7941.61          2.54
       6288.00      13356.66       7889.98          2.54
       6304.00      13882.14       7608.90          2.54
       6320.00      13768.98       7547.11          2.54
       6336.00      13632.89       7478.03          2.54
       6352.00      13005.25       7309.57          2.54
       6368.00      12931.59       6946.04          2.54
       6384.00      13186.18       7238.40          2.54
       6400.00      13157.89       7383.45          2.54
       6416.00      12906.56       7288.10          2.54
       6432.00      12814.60       7263.11          2.54
       6448.00      13086.09       7251.32          2.54
       6464.00      13025.92       7069.54          2.54
       6480.00      13458.77       7378.60          2.54
       6496.00      12714.07       7366.10          2.54
       6512.00      13367.91       7295.81          2.54
       6528.00      14685.37       8608.59          2.54
       6544.00      10422.31       6465.13          2.54
       6560.00      10120.54       6282.16          2.54
       6576.00      10800.65       6653.94          2.54
       6592.00      10405.07       7057.06          2.54
       6608.00       9981.63       6495.36          2.54
       6624.00      10067.45       6273.60          2.54
       6640.00       9651.67       6604.32          2.54
       6656.00       9137.68       5870.65          2.54
       6672.00      10277.18       6598.61          2.54
       6688.00      10206.48       6543.82          2.54
       6704.00      12337.00       6950.38          2.54
       6720.00      14117.51       7934.18          2.54
       6736.00      13619.34       7551.56          2.54
       6752.00      14309.22       8314.14          2.54
       6768.00      13684.95       7863.49          2.54
       6784.00      11658.41       6587.70          2.54
       6800.00      10473.95       6076.15          2.54
       6816.00      12644.30       6933.51          2.54
       6832.00      14054.02       7746.11          2.54
       6848.00      11794.82       6787.39          2.54
       6864.00      13805.67       7994.56          2.54
       6880.00      12815.91       6919.51          2.54
       6896.00      12836.97       7672.83          2.54
       6912.00       8528.42       6143.15          2.54
       6928.00      14315.98       8630.44          2.54
       6944.00      14113.73       8279.45          2.54
       6960.00      14860.39       9452.24          2.54
       6976.00      14401.34       8626.49          2.54
       6992.00      12443.85       6721.47          2.54
       7008.00      14208.38       8405.83          2.54
       7024.00      15283.04       9530.98          2.54
       7040.00      15861.18       9885.82          2.54
       7056.00      11510.79       6878.57          2.54
       7072.00      13573.31       8300.89          2.54
       7088.00      13479.45       7630.56          2.54
       7104.00      12907.22       7488.45          2.54
       7120.00      13606.00       8377.52          2.54
       7136.00      13747.03       8271.91          2.54
       7152.00      13140.43       8045.38          2.54
       7168.00      13868.86       7627.01          2.54
       7184.00      14755.57       8365.05          2.54
       7200.00      14679.11       8363.44          2.54
       7216.00      14923.59       8740.95          2.54
       7232.00      14726.67       8481.69          2.54
       7248.00      12115.19       7122.05          2.54
       7264.00      15348.49       9507.69          2.54
       7280.00      13445.20       7751.58          2.54
       7296.00      13349.71       8205.06          2.54
       7312.00      16148.31       9966.51          2.54
       7328.00      14601.74       8340.91          2.54
       7344.00      15919.76       9164.05          2.54
       7360.00      13918.85       7717.66          2.54
       7376.00      14200.11       8162.87          2.54
       7392.00      16095.80       9410.70          2.54
       7408.00      14162.50       7863.86          2.54
       7424.00      16054.71       9799.50          2.54
       7440.00      14361.83       8100.25          2.54
       7456.00      15212.83       9104.40          2.54
       7472.00      15231.83       8562.96          2.54
       7488.00      15549.44       9018.60          2.54
